 Incident particle is a   Muon with M =   105.65839 MeV
 Index =  144:  shielding concrete
      Absorber with <Z/A> =  0.50274, density = 2.300          
 Sternheimer coef:  a     k=m_s   x_0    x_1    I[eV]   Cbar  delta0 
                 0.0751  3.5467  0.1301  3.0466  135.2  3.9464 0.00
 (Restricted energy loss for Tcut = 0.05 MeV
 Table written with (1X, 1P9E10.3,0PF8.4,f8.5,1pE10.3)          post-Born included in pair prod
 *** Results below 10 MeV are not dependable *** Ignore 1.0 MeV entries ***
      T         p     Ionization  brems     pair     photonuc  Radloss    dE/dx   CSDA Range  delta   beta   dE/dx_R
    [MeV]    [MeV/c]  -----------------------[MeV cm^2/g]------------------------  [g/cm^2]                [MeV cm^2/g]
  1.000E+00 1.457E+01 2.673E+00 0.000E+00 0.000E+00 4.794E-05 4.794E-05 5.347E+00 2.296E-03  0.0000 0.13661 4.090E+01
  1.200E+00 1.597E+01 3.542E+01 0.000E+00 0.000E+00 4.803E-05 4.803E-05 3.542E+01 7.566E-03  0.0000 0.14944 3.542E+01
  1.400E+00 1.726E+01 3.135E+01 0.000E+00 0.000E+00 4.812E-05 4.812E-05 3.135E+01 1.358E-02  0.0000 0.16119 3.135E+01
  1.700E+00 1.903E+01 2.686E+01 0.000E+00 0.000E+00 4.826E-05 4.826E-05 2.686E+01 2.396E-02  0.0000 0.17725 2.686E+01
  2.000E+00 2.066E+01 2.359E+01 0.000E+00 0.000E+00 4.839E-05 4.839E-05 2.359E+01 3.590E-02  0.0000 0.19186 2.359E+01
  2.500E+00 2.312E+01 1.973E+01 0.000E+00 0.000E+00 4.862E-05 4.862E-05 1.973E+01 5.919E-02  0.0000 0.21376 1.973E+01
  3.000E+00 2.536E+01 1.706E+01 0.000E+00 0.000E+00 4.884E-05 4.884E-05 1.706E+01 8.652E-02  0.0000 0.23336 1.685E+01
  3.500E+00 2.742E+01 1.508E+01 0.000E+00 0.000E+00 4.907E-05 4.907E-05 1.508E+01 1.178E-01  0.0000 0.25120 1.472E+01
  4.000E+00 2.935E+01 1.356E+01 0.000E+00 0.000E+00 4.929E-05 4.929E-05 1.356E+01 1.528E-01  0.0000 0.26763 1.311E+01
  4.500E+00 3.116E+01 1.235E+01 0.000E+00 0.000E+00 4.951E-05 4.951E-05 1.235E+01 1.915E-01  0.0000 0.28290 1.184E+01
  5.000E+00 3.289E+01 1.137E+01 0.000E+00 0.000E+00 4.974E-05 4.974E-05 1.137E+01 2.337E-01  0.0000 0.29720 1.082E+01
  5.500E+00 3.453E+01 1.055E+01 0.000E+00 0.000E+00 4.996E-05 4.996E-05 1.055E+01 2.794E-01  0.0000 0.31066 9.970E+00
  6.000E+00 3.611E+01 9.851E+00 0.000E+00 0.000E+00 5.019E-05 5.019E-05 9.851E+00 3.285E-01  0.0000 0.32339 9.261E+00
  7.000E+00 3.909E+01 8.739E+00 0.000E+00 0.000E+00 5.064E-05 5.064E-05 8.740E+00 4.365E-01  0.0000 0.34700 8.136E+00
  8.000E+00 4.189E+01 7.887E+00 0.000E+00 0.000E+00 5.109E-05 5.109E-05 7.887E+00 5.572E-01  0.0000 0.36854 7.283E+00
  9.000E+00 4.453E+01 7.212E+00 0.000E+00 0.000E+00 5.154E-05 5.154E-05 7.212E+00 6.899E-01  0.0000 0.38836 6.613E+00
  1.000E+01 4.704E+01 6.664E+00 0.000E+00 0.000E+00 5.199E-05 5.199E-05 6.664E+00 8.343E-01  0.0000 0.40675 6.074E+00
  1.200E+01 5.177E+01 5.825E+00 0.000E+00 0.000E+00 5.289E-05 5.289E-05 5.826E+00 1.156E+00  0.0000 0.43998 5.257E+00
  1.400E+01 5.616E+01 5.214E+00 0.000E+00 0.000E+00 5.378E-05 5.378E-05 5.214E+00 1.520E+00  0.0000 0.46937 4.667E+00
  1.700E+01 6.230E+01 4.554E+00 0.000E+00 0.000E+00 5.513E-05 5.513E-05 4.554E+00 2.138E+00  0.0000 0.50792 4.037E+00
  2.000E+01 6.802E+01 4.084E+00 0.000E+00 0.000E+00 5.648E-05 5.648E-05 4.084E+00 2.835E+00  0.0000 0.54129 3.592E+00
  2.500E+01 7.686E+01 3.543E+00 0.000E+00 0.000E+00 5.873E-05 5.873E-05 3.543E+00 4.155E+00  0.0000 0.58827 3.084E+00
  3.000E+01 8.509E+01 3.178E+00 0.000E+00 0.000E+00 6.098E-05 6.098E-05 3.178E+00 5.649E+00  0.0000 0.62720 2.745E+00
  3.500E+01 9.285E+01 2.916E+00 0.000E+00 0.000E+00 6.322E-05 6.322E-05 2.916E+00 7.295E+00  0.0000 0.66011 2.502E+00
  4.000E+01 1.003E+02 2.719E+00 0.000E+00 0.000E+00 6.547E-05 6.547E-05 2.719E+00 9.073E+00  0.0000 0.68834 2.320E+00
  4.500E+01 1.074E+02 2.567E+00 0.000E+00 0.000E+00 6.772E-05 6.772E-05 2.567E+00 1.097E+01  0.0000 0.71286 2.179E+00
  5.000E+01 1.143E+02 2.445E+00 2.824E-07 0.000E+00 6.997E-05 7.025E-05 2.445E+00 1.296E+01  0.0000 0.73434 2.067E+00
  5.500E+01 1.210E+02 2.347E+00 1.113E-06 0.000E+00 7.221E-05 7.333E-05 2.347E+00 1.505E+01  0.0000 0.75332 1.976E+00
  6.000E+01 1.276E+02 2.266E+00 1.968E-06 0.000E+00 7.446E-05 7.643E-05 2.266E+00 1.722E+01  0.0000 0.77019 1.901E+00
  7.000E+01 1.403E+02 2.141E+00 3.751E-06 0.000E+00 7.896E-05 8.271E-05 2.142E+00 2.177E+01  0.0000 0.79887 1.785E+00
  8.000E+01 1.527E+02 2.049E+00 5.627E-06 0.000E+00 8.345E-05 8.908E-05 2.049E+00 2.655E+01  0.0172 0.82227 1.698E+00
  9.000E+01 1.647E+02 1.979E+00 7.589E-06 0.000E+00 8.795E-05 9.554E-05 1.979E+00 3.151E+01  0.0401 0.84166 1.631E+00
  1.000E+02 1.764E+02 1.925E+00 9.634E-06 0.000E+00 9.244E-05 1.021E-04 1.925E+00 3.664E+01  0.0643 0.85794 1.579E+00
  1.200E+02 1.994E+02 1.850E+00 1.396E-05 0.000E+00 1.014E-04 1.154E-04 1.850E+00 4.725E+01  0.1144 0.88361 1.503E+00
  1.400E+02 2.218E+02 1.801E+00 1.857E-05 0.000E+00 1.104E-04 1.290E-04 1.801E+00 5.822E+01  0.1656 0.90278 1.453E+00
  1.700E+02 2.546E+02 1.756E+00 2.597E-05 0.000E+00 1.239E-04 1.499E-04 1.757E+00 7.511E+01  0.2422 0.92363 1.402E+00
  2.000E+02 2.868E+02 1.732E+00 3.390E-05 0.000E+00 1.374E-04 1.713E-04 1.732E+00 9.232E+01  0.3173 0.93835 1.371E+00
  2.500E+02 3.396E+02 1.714E+00 4.816E-05 0.000E+00 1.599E-04 2.080E-04 1.714E+00 1.214E+02  0.4374 0.95485 1.340E+00
  2.930E+02 3.844E+02 1.711E+00 6.355E-05 0.000E+00 1.823E-04 2.459E-04 1.711E+00  Minimum ionization
  3.000E+02 3.917E+02 1.711E+00 6.355E-05 0.000E+00 1.823E-04 2.459E-04 1.711E+00 1.506E+02  0.5508 0.96548 1.323E+00
  3.500E+02 4.432E+02 1.715E+00 7.995E-05 0.000E+00 2.048E-04 2.848E-04 1.715E+00 1.798E+02  0.6579 0.97274 1.314E+00
  4.000E+02 4.945E+02 1.722E+00 9.723E-05 0.000E+00 2.273E-04 3.245E-04 1.722E+00 2.089E+02  0.7590 0.97793 1.309E+00
  4.500E+02 5.455E+02 1.731E+00 1.153E-04 0.000E+00 2.498E-04 3.651E-04 1.731E+00 2.378E+02  0.8547 0.98176 1.306E+00
  5.000E+02 5.964E+02 1.741E+00 1.341E-04 0.000E+00 2.722E-04 4.064E-04 1.741E+00 2.666E+02  0.9455 0.98467 1.305E+00
  5.500E+02 6.471E+02 1.751E+00 1.536E-04 0.000E+00 2.947E-04 4.483E-04 1.752E+00 2.952E+02  1.0319 0.98693 1.304E+00
  6.000E+02 6.977E+02 1.761E+00 1.737E-04 0.000E+00 3.172E-04 4.909E-04 1.762E+00 3.237E+02  1.1143 0.98873 1.305E+00
  7.000E+02 7.987E+02 1.781E+00 2.156E-04 0.000E+00 3.621E-04 5.777E-04 1.782E+00 3.801E+02  1.2684 0.99136 1.307E+00
  8.000E+02 8.995E+02 1.800E+00 2.595E-04 0.000E+00 4.071E-04 6.666E-04 1.801E+00 4.360E+02  1.4103 0.99317 1.309E+00
  9.000E+02 1.000E+03 1.817E+00 3.052E-04 0.000E+00 4.520E-04 7.572E-04 1.818E+00 4.912E+02  1.5418 0.99447 1.312E+00
  1.000E+03 1.101E+03 1.834E+00 3.524E-04 1.295E-05 4.970E-04 8.624E-04 1.834E+00 5.460E+02  1.6644 0.99542 1.315E+00
  1.200E+03 1.301E+03 1.863E+00 4.513E-04 8.051E-05 5.869E-04 1.119E-03 1.864E+00 6.541E+02  1.8873 0.99672 1.320E+00
  1.400E+03 1.502E+03 1.888E+00 5.551E-04 1.573E-04 6.768E-04 1.389E-03 1.889E+00 7.607E+02  2.0860 0.99753 1.324E+00
  1.700E+03 1.803E+03 1.920E+00 7.188E-04 2.872E-04 8.116E-04 1.818E-03 1.922E+00 9.181E+02  2.3491 0.99829 1.330E+00
  2.000E+03 2.103E+03 1.947E+00 8.905E-04 4.322E-04 9.497E-04 2.272E-03 1.949E+00 1.073E+03  2.5797 0.99874 1.335E+00
  2.500E+03 2.604E+03 1.984E+00 1.192E-03 7.015E-04 1.192E-03 3.085E-03 1.987E+00 1.327E+03  2.9110 0.99918 1.341E+00
  3.000E+03 3.104E+03 2.014E+00 1.509E-03 9.999E-04 1.437E-03 3.946E-03 2.018E+00 1.577E+03  3.1934 0.99942 1.346E+00
  3.500E+03 3.604E+03 2.039E+00 1.838E-03 1.323E-03 1.685E-03 4.846E-03 2.043E+00 1.823E+03  3.4398 0.99957 1.349E+00
  4.000E+03 4.104E+03 2.060E+00 2.180E-03 1.666E-03 1.935E-03 5.781E-03 2.066E+00 2.066E+03  3.6585 0.99967 1.352E+00
  4.500E+03 4.604E+03 2.078E+00 2.531E-03 2.028E-03 2.186E-03 6.745E-03 2.085E+00 2.307E+03  3.8552 0.99974 1.354E+00
  5.000E+03 5.105E+03 2.095E+00 2.892E-03 2.409E-03 2.434E-03 7.735E-03 2.103E+00 2.546E+03  4.0341 0.99979 1.356E+00
  5.500E+03 5.605E+03 2.109E+00 3.266E-03 2.815E-03 2.663E-03 8.745E-03 2.118E+00 2.783E+03  4.1981 0.99982 1.358E+00
  6.000E+03 6.105E+03 2.123E+00 3.649E-03 3.236E-03 2.891E-03 9.775E-03 2.132E+00 3.018E+03  4.3496 0.99985 1.360E+00
  7.000E+03 7.105E+03 2.146E+00 4.434E-03 4.116E-03 3.344E-03 1.189E-02 2.158E+00 3.484E+03  4.6219 0.99989 1.362E+00
  8.000E+03 8.105E+03 2.165E+00 5.245E-03 5.042E-03 3.795E-03 1.408E-02 2.179E+00 3.945E+03  4.8615 0.99992 1.364E+00
  9.000E+03 9.105E+03 2.182E+00 6.077E-03 6.009E-03 4.243E-03 1.633E-02 2.198E+00 4.402E+03  5.0756 0.99993 1.365E+00
  1.000E+04 1.011E+04 2.197E+00 6.928E-03 7.013E-03 4.688E-03 1.863E-02 2.216E+00 4.855E+03  5.2690 0.99995 1.366E+00
  1.200E+04 1.211E+04 2.222E+00 8.697E-03 9.162E-03 5.553E-03 2.341E-02 2.246E+00 5.752E+03  5.6078 0.99996 1.368E+00
  1.400E+04 1.411E+04 2.243E+00 1.053E-02 1.143E-02 6.407E-03 2.836E-02 2.271E+00 6.637E+03  5.8979 0.99997 1.369E+00
  1.700E+04 1.711E+04 2.268E+00 1.336E-02 1.500E-02 7.674E-03 3.604E-02 2.304E+00 7.948E+03  6.2675 0.99998 1.370E+00
  2.000E+04 2.011E+04 2.289E+00 1.630E-02 1.877E-02 8.925E-03 4.399E-02 2.333E+00 9.242E+03  6.5800 0.99999 1.371E+00
  2.500E+04 2.511E+04 2.317E+00 2.138E-02 2.552E-02 1.101E-02 5.791E-02 2.375E+00 1.137E+04  7.0131 0.99999 1.372E+00
  3.000E+04 3.011E+04 2.338E+00 2.664E-02 3.265E-02 1.307E-02 7.236E-02 2.411E+00 1.346E+04  7.3698 0.99999 1.372E+00
  3.500E+04 3.511E+04 2.357E+00 3.206E-02 4.008E-02 1.511E-02 8.725E-02 2.444E+00 1.551E+04  7.6731 1.00000 1.373E+00
  4.000E+04 4.011E+04 2.372E+00 3.761E-02 4.779E-02 1.713E-02 1.025E-01 2.474E+00 1.755E+04  7.9368 1.00000 1.373E+00
  4.500E+04 4.511E+04 2.385E+00 4.327E-02 5.572E-02 1.914E-02 1.181E-01 2.503E+00 1.956E+04  8.1701 1.00000 1.373E+00
  5.000E+04 5.011E+04 2.397E+00 4.903E-02 6.386E-02 2.114E-02 1.340E-01 2.531E+00 2.154E+04  8.3792 1.00000 1.373E+00
  5.500E+04 5.511E+04 2.408E+00 5.486E-02 7.204E-02 2.316E-02 1.501E-01 2.558E+00 2.351E+04  8.5687 1.00000 1.373E+00
  6.000E+04 6.011E+04 2.417E+00 6.077E-02 8.038E-02 2.518E-02 1.663E-01 2.583E+00 2.545E+04  8.7418 1.00000 1.373E+00
  7.000E+04 7.011E+04 2.434E+00 7.280E-02 9.748E-02 2.920E-02 1.995E-01 2.633E+00 2.929E+04  9.0491 1.00000 1.373E+00
  8.000E+04 8.011E+04 2.448E+00 8.509E-02 1.151E-01 3.320E-02 2.334E-01 2.682E+00 3.305E+04  9.3155 1.00000 1.373E+00
  9.000E+04 9.011E+04 2.461E+00 9.760E-02 1.331E-01 3.718E-02 2.679E-01 2.729E+00 3.675E+04  9.5507 1.00000 1.373E+00
  1.000E+05 1.001E+05 2.472E+00 1.103E-01 1.515E-01 4.115E-02 3.029E-01 2.775E+00 4.038E+04  9.7611 1.00000 1.373E+00
  1.200E+05 1.201E+05 2.491E+00 1.360E-01 1.885E-01 4.920E-02 3.738E-01 2.865E+00 4.747E+04 10.1254 1.00000 1.373E+00
  1.400E+05 1.401E+05 2.507E+00 1.623E-01 2.266E-01 5.722E-02 4.462E-01 2.953E+00 5.435E+04 10.4335 1.00000 1.373E+00
  1.700E+05 1.701E+05 2.527E+00 2.027E-01 2.854E-01 6.921E-02 5.572E-01 3.084E+00 6.429E+04 10.8215 1.00000 1.373E+00
  2.000E+05 2.001E+05 2.544E+00 2.439E-01 3.457E-01 8.116E-02 6.708E-01 3.215E+00 7.382E+04 11.1464 1.00000 1.373E+00
  2.500E+05 2.501E+05 2.567E+00 3.131E-01 4.457E-01 1.014E-01 8.602E-01 3.427E+00 8.888E+04 11.5925 1.00000 1.373E+00
  3.000E+05 3.001E+05 2.586E+00 3.838E-01 5.481E-01 1.216E-01 1.054E+00 3.639E+00 1.030E+05 11.9570 1.00000 1.373E+00
  3.500E+05 3.501E+05 2.601E+00 4.558E-01 6.526E-01 1.419E-01 1.250E+00 3.852E+00 1.164E+05 12.2652 1.00000 1.373E+00
  4.000E+05 4.001E+05 2.615E+00 5.288E-01 7.588E-01 1.621E-01 1.450E+00 4.065E+00 1.290E+05 12.5321 1.00000 1.373E+00
  4.500E+05 4.501E+05 2.627E+00 6.027E-01 8.666E-01 1.823E-01 1.652E+00 4.279E+00 1.410E+05 12.7677 1.00000 1.373E+00
  5.000E+05 5.001E+05 2.638E+00 6.775E-01 9.757E-01 2.025E-01 1.856E+00 4.494E+00 1.524E+05 12.9783 1.00000 1.373E+00
  5.500E+05 5.501E+05 2.648E+00 7.517E-01 1.083E+00 2.232E-01 2.058E+00 4.706E+00 1.633E+05 13.1689 1.00000 1.373E+00
  6.000E+05 6.001E+05 2.657E+00 8.265E-01 1.191E+00 2.440E-01 2.261E+00 4.918E+00 1.737E+05 13.3429 1.00000 1.373E+00
  7.000E+05 7.001E+05 2.673E+00 9.777E-01 1.409E+00 2.857E-01 2.672E+00 5.345E+00 1.932E+05 13.6512 1.00000 1.373E+00
  7.004E+05 7.005E+05 2.673E+00 9.782E-01 1.410E+00 2.859E-01 2.674E+00 5.347E+00  Muon critical energy       
  8.000E+05 8.001E+05 2.687E+00 1.131E+00 1.629E+00 3.276E-01 3.088E+00 5.775E+00 2.112E+05 13.9182 1.00000 1.373E+00
  9.000E+05 9.001E+05 2.699E+00 1.285E+00 1.852E+00 3.695E-01 3.507E+00 6.206E+00 2.279E+05 14.1537 1.00000 1.373E+00
  1.000E+06 1.000E+06 2.711E+00 1.441E+00 2.077E+00 4.116E-01 3.930E+00 6.640E+00 2.434E+05 14.3644 1.00000 1.373E+00
  1.200E+06 1.200E+06 2.730E+00 1.751E+00 2.521E+00 4.973E-01 4.770E+00 7.500E+00 2.718E+05 14.7290 1.00000 1.373E+00
  1.400E+06 1.400E+06 2.746E+00 2.065E+00 2.970E+00 5.835E-01 5.618E+00 8.364E+00 2.970E+05 15.0373 1.00000 1.373E+00
  1.700E+06 1.700E+06 2.767E+00 2.541E+00 3.649E+00 7.137E-01 6.904E+00 9.671E+00 3.303E+05 15.4256 1.00000 1.373E+00
  2.000E+06 2.000E+06 2.784E+00 3.022E+00 4.336E+00 8.447E-01 8.203E+00 1.099E+01 3.594E+05 15.7506 1.00000 1.373E+00
  2.500E+06 2.500E+06 2.809E+00 3.819E+00 5.468E+00 1.068E+00 1.035E+01 1.316E+01 4.010E+05 16.1969 1.00000 1.373E+00
  3.000E+06 3.000E+06 2.828E+00 4.624E+00 6.608E+00 1.294E+00 1.253E+01 1.535E+01 4.361E+05 16.5615 1.00000 1.373E+00
  3.500E+06 3.500E+06 2.845E+00 5.435E+00 7.755E+00 1.521E+00 1.471E+01 1.756E+01 4.665E+05 16.8698 1.00000 1.373E+00
  4.000E+06 4.000E+06 2.860E+00 6.252E+00 8.909E+00 1.750E+00 1.691E+01 1.977E+01 4.933E+05 17.1368 1.00000 1.373E+00
  4.500E+06 4.500E+06 2.873E+00 7.073E+00 1.007E+01 1.981E+00 1.912E+01 2.200E+01 5.173E+05 17.3724 1.00000 1.373E+00
  5.000E+06 5.000E+06 2.885E+00 7.899E+00 1.123E+01 2.212E+00 2.134E+01 2.423E+01 5.390E+05 17.5831 1.00000 1.373E+00
  5.500E+06 5.500E+06 2.896E+00 8.716E+00 1.238E+01 2.449E+00 2.355E+01 2.644E+01 5.587E+05 17.7737 1.00000 1.373E+00
  6.000E+06 6.000E+06 2.906E+00 9.535E+00 1.354E+01 2.687E+00 2.576E+01 2.866E+01 5.769E+05 17.9478 1.00000 1.373E+00
  7.000E+06 7.000E+06 2.923E+00 1.118E+01 1.585E+01 3.166E+00 3.020E+01 3.312E+01 6.093E+05 18.2561 1.00000 1.373E+00
  8.000E+06 8.000E+06 2.938E+00 1.283E+01 1.817E+01 3.650E+00 3.465E+01 3.759E+01 6.376E+05 18.5231 1.00000 1.373E+00
  9.000E+06 9.000E+06 2.952E+00 1.449E+01 2.050E+01 4.137E+00 3.913E+01 4.208E+01 6.627E+05 18.7587 1.00000 1.373E+00
  1.000E+07 1.000E+07 2.964E+00 1.616E+01 2.283E+01 4.627E+00 4.362E+01 4.658E+01 6.853E+05 18.9694 1.00000 1.373E+00
  1.200E+07 1.200E+07 2.985E+00 1.947E+01 2.747E+01 5.628E+00 5.257E+01 5.555E+01 7.246E+05 19.3340 1.00000 1.373E+00
  1.400E+07 1.400E+07 3.003E+00 2.279E+01 3.212E+01 6.640E+00 6.155E+01 6.456E+01 7.580E+05 19.6423 1.00000 1.373E+00
  1.700E+07 1.700E+07 3.026E+00 2.779E+01 3.912E+01 8.176E+00 7.509E+01 7.812E+01 8.001E+05 20.0306 1.00000 1.373E+00
  2.000E+07 2.000E+07 3.045E+00 3.282E+01 4.613E+01 9.730E+00 8.868E+01 9.173E+01 8.356E+05 20.3557 1.00000 1.373E+00
  2.500E+07 2.500E+07 3.072E+00 4.115E+01 5.778E+01 1.239E+01 1.113E+02 1.144E+02 8.843E+05 20.8020 1.00000 1.373E+00
  3.000E+07 3.000E+07 3.094E+00 4.950E+01 6.945E+01 1.509E+01 1.340E+02 1.371E+02 9.241E+05 21.1666 1.00000 1.373E+00
  3.500E+07 3.500E+07 3.113E+00 5.787E+01 8.113E+01 1.782E+01 1.568E+02 1.599E+02 9.579E+05 21.4749 1.00000 1.373E+00
  4.000E+07 4.000E+07 3.129E+00 6.626E+01 9.283E+01 2.058E+01 1.797E+02 1.828E+02 9.871E+05 21.7420 1.00000 1.373E+00
  4.500E+07 4.500E+07 3.144E+00 7.466E+01 1.045E+02 2.337E+01 2.026E+02 2.057E+02 1.013E+06 21.9775 1.00000 1.373E+00
  5.000E+07 5.000E+07 3.157E+00 8.307E+01 1.163E+02 2.618E+01 2.255E+02 2.287E+02 1.036E+06 22.1882 1.00000 1.373E+00
  5.500E+07 5.500E+07 3.168E+00 9.145E+01 1.280E+02 2.904E+01 2.484E+02 2.516E+02 1.057E+06 22.3789 1.00000 1.373E+00
  6.000E+07 6.000E+07 3.179E+00 9.984E+01 1.396E+02 3.192E+01 2.714E+02 2.746E+02 1.076E+06 22.5529 1.00000 1.373E+00
  7.000E+07 7.000E+07 3.199E+00 1.166E+02 1.630E+02 3.773E+01 3.174E+02 3.206E+02 1.109E+06 22.8612 1.00000 1.373E+00
  8.000E+07 8.000E+07 3.216E+00 1.335E+02 1.864E+02 4.361E+01 3.635E+02 3.667E+02 1.139E+06 23.1283 1.00000 1.373E+00
  9.000E+07 9.000E+07 3.231E+00 1.503E+02 2.099E+02 4.955E+01 4.097E+02 4.129E+02 1.164E+06 23.3638 1.00000 1.373E+00
  1.000E+08 1.000E+08 3.244E+00 1.671E+02 2.333E+02 5.554E+01 4.560E+02 4.592E+02 1.187E+06 23.5745 1.00000 1.373E+00
  1.200E+08 1.200E+08 3.268E+00 2.006E+02 2.800E+02 6.665E+01 5.472E+02 5.504E+02 1.227E+06 23.9392 1.00000 1.373E+00
  1.400E+08 1.400E+08 3.288E+00 2.340E+02 3.266E+02 7.776E+01 6.384E+02 6.417E+02 1.261E+06 24.2475 1.00000 1.373E+00
  1.700E+08 1.700E+08 3.313E+00 2.841E+02 3.966E+02 9.442E+01 7.752E+02 7.785E+02 1.303E+06 24.6358 1.00000 1.373E+00
  2.000E+08 2.000E+08 3.335E+00 3.343E+02 4.666E+02 1.111E+02 9.120E+02 9.153E+02 1.338E+06 24.9608 1.00000 1.373E+00
  2.500E+08 2.500E+08 3.365E+00 4.178E+02 5.833E+02 1.389E+02 1.140E+03 1.143E+03 1.387E+06 25.4071 1.00000 1.373E+00
  3.000E+08 3.000E+08 3.389E+00 5.014E+02 6.999E+02 1.666E+02 1.368E+03 1.371E+03 1.427E+06 25.7718 1.00000 1.373E+00
  3.500E+08 3.500E+08 3.410E+00 5.850E+02 8.166E+02 1.944E+02 1.596E+03 1.599E+03 1.461E+06 26.0801 1.00000 1.373E+00
  4.000E+08 4.000E+08 3.428E+00 6.685E+02 9.332E+02 2.222E+02 1.824E+03 1.827E+03 1.490E+06 26.3471 1.00000 1.373E+00
  4.500E+08 4.500E+08 3.445E+00 7.521E+02 1.050E+03 2.499E+02 2.052E+03 2.055E+03 1.516E+06 26.5827 1.00000 1.373E+00
  5.000E+08 5.000E+08 3.459E+00 8.357E+02 1.167E+03 2.777E+02 2.280E+03 2.283E+03 1.539E+06 26.7934 1.00000 1.373E+00
  5.500E+08 5.500E+08 3.472E+00 9.193E+02 1.283E+03 3.055E+02 2.508E+03 2.511E+03 1.560E+06 26.9840 1.00000 1.373E+00
  6.000E+08 6.000E+08 3.485E+00 1.003E+03 1.400E+03 3.333E+02 2.736E+03 2.739E+03 1.579E+06 27.1581 1.00000 1.373E+00
  7.000E+08 7.000E+08 3.506E+00 1.170E+03 1.633E+03 3.888E+02 3.192E+03 3.195E+03 1.613E+06 27.4664 1.00000 1.373E+00
  8.000E+08 8.000E+08 3.525E+00 1.337E+03 1.866E+03 4.443E+02 3.648E+03 3.651E+03 1.642E+06 27.7334 1.00000 1.373E+00
  9.000E+08 9.000E+08 3.542E+00 1.504E+03 2.100E+03 4.999E+02 4.104E+03 4.107E+03 1.668E+06 27.9690 1.00000 1.373E+00
  1.000E+09 1.000E+09 3.557E+00 1.671E+03 2.333E+03 5.554E+02 4.560E+03 4.563E+03 1.691E+06 28.1797 1.00000 1.373E+00
