 Incident particle is a   Muon with M =   105.65839 MeV
 Index =  226:  polystyrene [(C\sub{6}H\sub{5}CHCH\sub{2})\sub{n}]
      Absorber with <Z/A> =  0.53768, density = 1.060          
 Sternheimer coef:  a     k=m_s   x_0    x_1    I[eV]   Cbar  delta0 
                 0.1645  3.2224  0.1647  2.5031   68.7  3.2999 0.00
 (Restricted energy loss for Tcut = 0.05 MeV
 Table written with (1X, 1P9E10.3,0PF8.4,f8.5,1pE10.3)          post-Born included in pair prod
 *** Results below 10 MeV are not dependable ***
      T         p     Ionization  brems     pair     photonuc  Radloss    dE/dx   CSDA Range  delta   beta   dE/dx_R
    [MeV]    [MeV/c]  -----------------------[MeV cm^2/g]------------------------  [g/cm^2]                [MeV cm^2/g]
  1.000E+00 1.457E+01 2.976E+00 0.000E+00 0.000E+00 5.082E-05 5.082E-05 5.953E+00 1.869E-03  0.0000 0.13661 4.973E+01
  1.200E+00 1.597E+01 4.289E+01 0.000E+00 0.000E+00 5.092E-05 5.092E-05 4.289E+01 6.213E-03  0.0000 0.14944 4.289E+01
  1.400E+00 1.726E+01 3.783E+01 0.000E+00 0.000E+00 5.101E-05 5.101E-05 3.783E+01 1.119E-02  0.0000 0.16119 3.783E+01
  1.700E+00 1.903E+01 3.228E+01 0.000E+00 0.000E+00 5.115E-05 5.115E-05 3.228E+01 1.981E-02  0.0000 0.17725 3.228E+01
  2.000E+00 2.066E+01 2.826E+01 0.000E+00 0.000E+00 5.130E-05 5.130E-05 2.826E+01 2.976E-02  0.0000 0.19186 2.826E+01
  2.500E+00 2.312E+01 2.355E+01 0.000E+00 0.000E+00 5.154E-05 5.154E-05 2.355E+01 4.923E-02  0.0000 0.21376 2.355E+01
  3.000E+00 2.536E+01 2.030E+01 0.000E+00 0.000E+00 5.177E-05 5.177E-05 2.030E+01 7.218E-02  0.0000 0.23336 2.007E+01
  3.500E+00 2.742E+01 1.790E+01 0.000E+00 0.000E+00 5.201E-05 5.201E-05 1.790E+01 9.847E-02  0.0000 0.25120 1.752E+01
  4.000E+00 2.935E+01 1.607E+01 0.000E+00 0.000E+00 5.225E-05 5.225E-05 1.607E+01 1.280E-01  0.0000 0.26763 1.558E+01
  4.500E+00 3.116E+01 1.461E+01 0.000E+00 0.000E+00 5.249E-05 5.249E-05 1.461E+01 1.607E-01  0.0000 0.28290 1.406E+01
  5.000E+00 3.289E+01 1.342E+01 0.000E+00 0.000E+00 5.273E-05 5.273E-05 1.342E+01 1.964E-01  0.0000 0.29720 1.283E+01
  5.500E+00 3.453E+01 1.244E+01 0.000E+00 0.000E+00 5.296E-05 5.296E-05 1.244E+01 2.352E-01  0.0000 0.31066 1.182E+01
  6.000E+00 3.611E+01 1.160E+01 0.000E+00 0.000E+00 5.320E-05 5.320E-05 1.160E+01 2.768E-01  0.0000 0.32339 1.097E+01
  7.000E+00 3.909E+01 1.028E+01 0.000E+00 0.000E+00 5.368E-05 5.368E-05 1.028E+01 3.686E-01  0.0000 0.34700 9.630E+00
  8.000E+00 4.189E+01 9.258E+00 0.000E+00 0.000E+00 5.416E-05 5.416E-05 9.259E+00 4.713E-01  0.0000 0.36854 8.612E+00
  9.000E+00 4.453E+01 8.455E+00 0.000E+00 0.000E+00 5.463E-05 5.463E-05 8.455E+00 5.845E-01  0.0000 0.38836 7.814E+00
  1.000E+01 4.704E+01 7.803E+00 0.000E+00 0.000E+00 5.511E-05 5.511E-05 7.803E+00 7.077E-01  0.0000 0.40675 7.172E+00
  1.200E+01 5.177E+01 6.808E+00 0.000E+00 0.000E+00 5.606E-05 5.606E-05 6.808E+00 9.830E-01  0.0000 0.43998 6.200E+00
  1.400E+01 5.616E+01 6.084E+00 0.000E+00 0.000E+00 5.701E-05 5.701E-05 6.084E+00 1.294E+00  0.0000 0.46937 5.499E+00
  1.700E+01 6.230E+01 5.304E+00 0.000E+00 0.000E+00 5.844E-05 5.844E-05 5.304E+00 1.824E+00  0.0000 0.50792 4.751E+00
  2.000E+01 6.802E+01 4.749E+00 0.000E+00 0.000E+00 5.987E-05 5.987E-05 4.749E+00 2.424E+00  0.0000 0.54129 4.223E+00
  2.500E+01 7.686E+01 4.112E+00 0.000E+00 0.000E+00 6.226E-05 6.226E-05 4.112E+00 3.560E+00  0.0000 0.58827 3.622E+00
  3.000E+01 8.509E+01 3.683E+00 0.000E+00 0.000E+00 6.464E-05 6.464E-05 3.683E+00 4.848E+00  0.0000 0.62720 3.219E+00
  3.500E+01 9.285E+01 3.375E+00 0.000E+00 0.000E+00 6.702E-05 6.702E-05 3.375E+00 6.269E+00  0.0000 0.66011 2.932E+00
  4.000E+01 1.003E+02 3.144E+00 0.000E+00 0.000E+00 6.940E-05 6.940E-05 3.144E+00 7.806E+00  0.0000 0.68834 2.717E+00
  4.500E+01 1.074E+02 2.965E+00 0.000E+00 0.000E+00 7.179E-05 7.179E-05 2.965E+00 9.445E+00  0.0000 0.71286 2.550E+00
  5.000E+01 1.143E+02 2.823E+00 2.219E-07 0.000E+00 7.417E-05 7.439E-05 2.823E+00 1.118E+01  0.0000 0.73434 2.418E+00
  5.500E+01 1.210E+02 2.707E+00 6.875E-07 0.000E+00 7.655E-05 7.724E-05 2.707E+00 1.298E+01  0.0000 0.75332 2.310E+00
  6.000E+01 1.276E+02 2.612E+00 1.167E-06 0.000E+00 7.893E-05 8.010E-05 2.612E+00 1.487E+01  0.0000 0.77019 2.221E+00
  7.000E+01 1.403E+02 2.465E+00 2.167E-06 0.000E+00 8.370E-05 8.586E-05 2.466E+00 1.881E+01  0.0000 0.79887 2.084E+00
  8.000E+01 1.527E+02 2.359E+00 3.218E-06 0.000E+00 8.846E-05 9.168E-05 2.359E+00 2.296E+01  0.0000 0.82227 1.983E+00
  9.000E+01 1.647E+02 2.276E+00 4.318E-06 0.000E+00 9.323E-05 9.755E-05 2.276E+00 2.728E+01  0.0322 0.84166 1.903E+00
  1.000E+02 1.764E+02 2.210E+00 5.464E-06 0.000E+00 9.799E-05 1.035E-04 2.211E+00 3.174E+01  0.0695 0.85794 1.840E+00
  1.200E+02 1.994E+02 2.118E+00 7.886E-06 0.000E+00 1.075E-04 1.154E-04 2.118E+00 4.100E+01  0.1427 0.88361 1.748E+00
  1.400E+02 2.218E+02 2.058E+00 1.047E-05 0.000E+00 1.171E-04 1.275E-04 2.058E+00 5.059E+01  0.2136 0.90278 1.686E+00
  1.700E+02 2.546E+02 2.002E+00 1.461E-05 0.000E+00 1.313E-04 1.460E-04 2.003E+00 6.538E+01  0.3152 0.92363 1.624E+00
  2.000E+02 2.868E+02 1.970E+00 1.905E-05 0.000E+00 1.456E-04 1.647E-04 1.971E+00 8.049E+01  0.4115 0.93835 1.584E+00
  2.500E+02 3.396E+02 1.945E+00 2.703E-05 0.000E+00 1.695E-04 1.965E-04 1.945E+00 1.061E+02  0.5611 0.95485 1.544E+00
  3.000E+02 3.917E+02 1.937E+00 3.565E-05 0.000E+00 1.933E-04 2.289E-04 1.937E+00 1.318E+02  0.6990 0.96548 1.522E+00
  3.182E+02 4.105E+02 1.936E+00 4.483E-05 0.000E+00 2.171E-04 2.619E-04 1.938E+00  Minimum ionization
  3.500E+02 4.432E+02 1.937E+00 4.483E-05 0.000E+00 2.171E-04 2.619E-04 1.938E+00 1.576E+02  0.8268 0.97274 1.508E+00
  4.000E+02 4.945E+02 1.942E+00 5.450E-05 0.000E+00 2.409E-04 2.954E-04 1.943E+00 1.834E+02  0.9460 0.97793 1.500E+00
  4.500E+02 5.455E+02 1.950E+00 6.462E-05 0.000E+00 2.648E-04 3.294E-04 1.950E+00 2.091E+02  1.0577 0.98176 1.495E+00
  5.000E+02 5.964E+02 1.959E+00 7.514E-05 0.000E+00 2.886E-04 3.637E-04 1.959E+00 2.347E+02  1.1628 0.98467 1.492E+00
  5.500E+02 6.471E+02 1.968E+00 8.604E-05 0.000E+00 3.124E-04 3.984E-04 1.968E+00 2.602E+02  1.2622 0.98693 1.490E+00
  6.000E+02 6.977E+02 1.978E+00 9.728E-05 0.000E+00 3.362E-04 4.335E-04 1.978E+00 2.855E+02  1.3565 0.98873 1.489E+00
  7.000E+02 7.987E+02 1.997E+00 1.207E-04 0.000E+00 3.839E-04 5.046E-04 1.997E+00 3.358E+02  1.5316 0.99136 1.489E+00
  8.000E+02 8.995E+02 2.015E+00 1.453E-04 0.000E+00 4.315E-04 5.768E-04 2.015E+00 3.856E+02  1.6916 0.99317 1.490E+00
  9.000E+02 1.000E+03 2.032E+00 1.708E-04 0.000E+00 4.792E-04 6.500E-04 2.033E+00 4.351E+02  1.8390 0.99447 1.491E+00
  1.000E+03 1.101E+03 2.048E+00 1.972E-04 4.139E-06 5.268E-04 7.282E-04 2.049E+00 4.841E+02  1.9757 0.99542 1.493E+00
  1.200E+03 1.301E+03 2.077E+00 2.525E-04 3.995E-05 6.221E-04 9.146E-04 2.078E+00 5.810E+02  2.2229 0.99672 1.496E+00
  1.400E+03 1.502E+03 2.102E+00 3.106E-04 8.073E-05 7.174E-04 1.109E-03 2.103E+00 6.767E+02  2.4418 0.99753 1.499E+00
  1.700E+03 1.803E+03 2.134E+00 4.021E-04 1.498E-04 8.604E-04 1.412E-03 2.135E+00 8.182E+02  2.7301 0.99829 1.503E+00
  2.000E+03 2.103E+03 2.161E+00 4.981E-04 2.270E-04 1.006E-03 1.732E-03 2.163E+00 9.578E+02  2.9813 0.99874 1.506E+00
  2.500E+03 2.604E+03 2.198E+00 6.665E-04 3.706E-04 1.262E-03 2.299E-03 2.200E+00 1.187E+03  3.3402 0.99918 1.511E+00
  3.000E+03 3.104E+03 2.228E+00 8.436E-04 5.297E-04 1.520E-03 2.893E-03 2.231E+00 1.413E+03  3.6444 0.99942 1.514E+00
  3.500E+03 3.604E+03 2.253E+00 1.028E-03 7.019E-04 1.781E-03 3.511E-03 2.257E+00 1.635E+03  3.9086 0.99957 1.516E+00
  4.000E+03 4.104E+03 2.275E+00 1.219E-03 8.854E-04 2.043E-03 4.147E-03 2.279E+00 1.856E+03  4.1423 0.99967 1.518E+00
  4.500E+03 4.604E+03 2.294E+00 1.415E-03 1.079E-03 2.308E-03 4.801E-03 2.299E+00 2.074E+03  4.3519 0.99974 1.519E+00
  5.000E+03 5.105E+03 2.310E+00 1.617E-03 1.284E-03 2.568E-03 5.469E-03 2.316E+00 2.291E+03  4.5419 0.99979 1.521E+00
  5.500E+03 5.605E+03 2.325E+00 1.827E-03 1.508E-03 2.808E-03 6.143E-03 2.331E+00 2.506E+03  4.7158 0.99982 1.522E+00
  6.000E+03 6.105E+03 2.339E+00 2.042E-03 1.740E-03 3.047E-03 6.829E-03 2.345E+00 2.720E+03  4.8760 0.99985 1.522E+00
  7.000E+03 7.105E+03 2.362E+00 2.484E-03 2.228E-03 3.522E-03 8.233E-03 2.370E+00 3.144E+03  5.1632 0.99989 1.524E+00
  8.000E+03 8.105E+03 2.382E+00 2.939E-03 2.742E-03 3.993E-03 9.674E-03 2.391E+00 3.564E+03  5.4151 0.99992 1.524E+00
  9.000E+03 9.105E+03 2.399E+00 3.407E-03 3.279E-03 4.462E-03 1.115E-02 2.410E+00 3.980E+03  5.6394 0.99993 1.525E+00
  1.000E+04 1.011E+04 2.414E+00 3.886E-03 3.838E-03 4.928E-03 1.265E-02 2.427E+00 4.394E+03  5.8416 0.99995 1.526E+00
  1.200E+04 1.211E+04 2.440E+00 4.886E-03 5.047E-03 5.831E-03 1.576E-02 2.456E+00 5.213E+03  6.1945 0.99996 1.526E+00
  1.400E+04 1.411E+04 2.461E+00 5.920E-03 6.324E-03 6.723E-03 1.897E-02 2.480E+00 6.023E+03  6.4954 0.99997 1.527E+00
  1.700E+04 1.711E+04 2.487E+00 7.527E-03 8.347E-03 8.044E-03 2.392E-02 2.511E+00 7.225E+03  6.8771 0.99998 1.527E+00
  2.000E+04 2.011E+04 2.509E+00 9.190E-03 1.048E-02 9.348E-03 2.902E-02 2.538E+00 8.413E+03  7.1985 0.99999 1.527E+00
  2.500E+04 2.511E+04 2.538E+00 1.208E-02 1.430E-02 1.152E-02 3.791E-02 2.575E+00 1.037E+04  7.6416 0.99999 1.527E+00
  3.000E+04 3.011E+04 2.560E+00 1.509E-02 1.834E-02 1.367E-02 4.710E-02 2.607E+00 1.230E+04  8.0046 0.99999 1.527E+00
  3.500E+04 3.511E+04 2.579E+00 1.818E-02 2.257E-02 1.579E-02 5.654E-02 2.636E+00 1.420E+04  8.3119 1.00000 1.527E+00
  4.000E+04 4.011E+04 2.596E+00 2.136E-02 2.695E-02 1.789E-02 6.620E-02 2.662E+00 1.609E+04  8.5782 1.00000 1.527E+00
  4.500E+04 4.511E+04 2.610E+00 2.460E-02 3.146E-02 1.998E-02 7.604E-02 2.686E+00 1.796E+04  8.8132 1.00000 1.527E+00
  5.000E+04 5.011E+04 2.622E+00 2.790E-02 3.610E-02 2.205E-02 8.605E-02 2.708E+00 1.982E+04  9.0235 1.00000 1.527E+00
  5.500E+04 5.511E+04 2.633E+00 3.126E-02 4.077E-02 2.416E-02 9.619E-02 2.730E+00 2.165E+04  9.2137 1.00000 1.527E+00
  6.000E+04 6.011E+04 2.644E+00 3.467E-02 4.554E-02 2.626E-02 1.065E-01 2.750E+00 2.348E+04  9.3874 1.00000 1.527E+00
  7.000E+04 7.011E+04 2.661E+00 4.162E-02 5.533E-02 3.044E-02 1.274E-01 2.789E+00 2.709E+04  9.6952 1.00000 1.527E+00
  8.000E+04 8.011E+04 2.677E+00 4.873E-02 6.542E-02 3.459E-02 1.487E-01 2.825E+00 3.065E+04  9.9619 1.00000 1.527E+00
  9.000E+04 9.011E+04 2.690E+00 5.597E-02 7.576E-02 3.872E-02 1.705E-01 2.861E+00 3.417E+04 10.1972 1.00000 1.527E+00
  1.000E+05 1.001E+05 2.702E+00 6.334E-02 8.633E-02 4.284E-02 1.925E-01 2.895E+00 3.765E+04 10.4076 1.00000 1.527E+00
  1.200E+05 1.201E+05 2.722E+00 7.823E-02 1.077E-01 5.120E-02 2.372E-01 2.960E+00 4.448E+04 10.7719 1.00000 1.527E+00
  1.400E+05 1.401E+05 2.740E+00 9.346E-02 1.298E-01 5.953E-02 2.828E-01 3.022E+00 5.116E+04 11.0800 1.00000 1.527E+00
  1.700E+05 1.701E+05 2.761E+00 1.169E-01 1.638E-01 7.199E-02 3.526E-01 3.114E+00 6.094E+04 11.4680 1.00000 1.527E+00
  2.000E+05 2.001E+05 2.779E+00 1.408E-01 1.989E-01 8.439E-02 4.240E-01 3.203E+00 7.044E+04 11.7929 1.00000 1.527E+00
  2.500E+05 2.501E+05 2.804E+00 1.811E-01 2.569E-01 1.054E-01 5.435E-01 3.347E+00 8.571E+04 12.2390 1.00000 1.527E+00
  3.000E+05 3.001E+05 2.824E+00 2.224E-01 3.165E-01 1.264E-01 6.653E-01 3.489E+00 1.003E+05 12.6035 1.00000 1.527E+00
  3.500E+05 3.501E+05 2.841E+00 2.645E-01 3.773E-01 1.474E-01 7.892E-01 3.630E+00 1.144E+05 12.9117 1.00000 1.527E+00
  4.000E+05 4.001E+05 2.855E+00 3.073E-01 4.391E-01 1.684E-01 9.148E-01 3.770E+00 1.279E+05 13.1786 1.00000 1.527E+00
  4.500E+05 4.501E+05 2.868E+00 3.506E-01 5.020E-01 1.894E-01 1.042E+00 3.910E+00 1.409E+05 13.4142 1.00000 1.527E+00
  5.000E+05 5.001E+05 2.880E+00 3.944E-01 5.656E-01 2.104E-01 1.170E+00 4.050E+00 1.535E+05 13.6248 1.00000 1.527E+00
  5.500E+05 5.501E+05 2.891E+00 4.380E-01 6.286E-01 2.319E-01 1.299E+00 4.189E+00 1.656E+05 13.8154 1.00000 1.527E+00
  6.000E+05 6.001E+05 2.900E+00 4.820E-01 6.921E-01 2.535E-01 1.428E+00 4.328E+00 1.774E+05 13.9894 1.00000 1.527E+00
  7.000E+05 7.001E+05 2.917E+00 5.709E-01 8.206E-01 2.969E-01 1.688E+00 4.606E+00 1.998E+05 14.2977 1.00000 1.527E+00
  8.000E+05 8.001E+05 2.932E+00 6.609E-01 9.509E-01 3.403E-01 1.952E+00 4.884E+00 2.208E+05 14.5647 1.00000 1.527E+00
  9.000E+05 9.001E+05 2.946E+00 7.519E-01 1.083E+00 3.839E-01 2.219E+00 5.164E+00 2.408E+05 14.8002 1.00000 1.527E+00
  1.000E+06 1.000E+06 2.957E+00 8.439E-01 1.216E+00 4.276E-01 2.487E+00 5.445E+00 2.596E+05 15.0109 1.00000 1.527E+00
  1.183E+06 1.183E+06 2.976E+00 1.012E+00 1.456E+00 5.092E-01 2.977E+00 5.953E+00  Muon critical energy       
  1.200E+06 1.200E+06 2.978E+00 1.027E+00 1.478E+00 5.168E-01 3.022E+00 6.000E+00 2.946E+05 15.3755 1.00000 1.527E+00
  1.400E+06 1.400E+06 2.995E+00 1.213E+00 1.743E+00 6.065E-01 3.562E+00 6.558E+00 3.265E+05 15.6838 1.00000 1.527E+00
  1.700E+06 1.700E+06 3.018E+00 1.494E+00 2.145E+00 7.420E-01 4.382E+00 7.399E+00 3.695E+05 16.0721 1.00000 1.527E+00
  2.000E+06 2.000E+06 3.036E+00 1.779E+00 2.552E+00 8.784E-01 5.210E+00 8.246E+00 4.079E+05 16.3971 1.00000 1.527E+00
  2.500E+06 2.500E+06 3.062E+00 2.252E+00 3.223E+00 1.111E+00 6.586E+00 9.648E+00 4.639E+05 16.8434 1.00000 1.527E+00
  3.000E+06 3.000E+06 3.083E+00 2.730E+00 3.899E+00 1.346E+00 7.976E+00 1.106E+01 5.123E+05 17.2080 1.00000 1.527E+00
  3.500E+06 3.500E+06 3.102E+00 3.213E+00 4.580E+00 1.583E+00 9.376E+00 1.248E+01 5.548E+05 17.5163 1.00000 1.527E+00
  4.000E+06 4.000E+06 3.117E+00 3.698E+00 5.266E+00 1.822E+00 1.079E+01 1.390E+01 5.928E+05 17.7833 1.00000 1.527E+00
  4.500E+06 4.500E+06 3.131E+00 4.187E+00 5.955E+00 2.062E+00 1.220E+01 1.534E+01 6.270E+05 18.0189 1.00000 1.527E+00
  5.000E+06 5.000E+06 3.144E+00 4.679E+00 6.647E+00 2.304E+00 1.363E+01 1.677E+01 6.582E+05 18.2296 1.00000 1.527E+00
  5.500E+06 5.500E+06 3.155E+00 5.166E+00 7.331E+00 2.551E+00 1.505E+01 1.820E+01 6.868E+05 18.4202 1.00000 1.527E+00
  6.000E+06 6.000E+06 3.166E+00 5.654E+00 8.017E+00 2.799E+00 1.647E+01 1.964E+01 7.132E+05 18.5943 1.00000 1.527E+00
  7.000E+06 7.000E+06 3.185E+00 6.635E+00 9.392E+00 3.299E+00 1.933E+01 2.251E+01 7.607E+05 18.9025 1.00000 1.527E+00
  8.000E+06 8.000E+06 3.201E+00 7.621E+00 1.077E+01 3.804E+00 2.220E+01 2.540E+01 8.025E+05 19.1696 1.00000 1.527E+00
  9.000E+06 9.000E+06 3.215E+00 8.612E+00 1.216E+01 4.313E+00 2.508E+01 2.830E+01 8.398E+05 19.4052 1.00000 1.527E+00
  1.000E+07 1.000E+07 3.228E+00 9.606E+00 1.355E+01 4.826E+00 2.798E+01 3.121E+01 8.734E+05 19.6159 1.00000 1.527E+00
  1.200E+07 1.200E+07 3.251E+00 1.158E+01 1.631E+01 5.872E+00 3.376E+01 3.701E+01 9.322E+05 19.9805 1.00000 1.527E+00
  1.400E+07 1.400E+07 3.270E+00 1.357E+01 1.907E+01 6.931E+00 3.957E+01 4.284E+01 9.824E+05 20.2888 1.00000 1.527E+00
  1.700E+07 1.700E+07 3.294E+00 1.656E+01 2.324E+01 8.538E+00 4.833E+01 5.163E+01 1.046E+06 20.6771 1.00000 1.527E+00
  2.000E+07 2.000E+07 3.315E+00 1.956E+01 2.741E+01 1.017E+01 5.714E+01 6.046E+01 1.100E+06 21.0022 1.00000 1.527E+00
  2.500E+07 2.500E+07 3.344E+00 2.455E+01 3.434E+01 1.295E+01 7.184E+01 7.518E+01 1.174E+06 21.4485 1.00000 1.527E+00
  3.000E+07 3.000E+07 3.367E+00 2.955E+01 4.128E+01 1.578E+01 8.661E+01 8.998E+01 1.234E+06 21.8131 1.00000 1.527E+00
  3.500E+07 3.500E+07 3.387E+00 3.456E+01 4.824E+01 1.865E+01 1.015E+02 1.048E+02 1.286E+06 22.1214 1.00000 1.527E+00
  4.000E+07 4.000E+07 3.405E+00 3.959E+01 5.520E+01 2.155E+01 1.163E+02 1.197E+02 1.331E+06 22.3885 1.00000 1.527E+00
  4.500E+07 4.500E+07 3.420E+00 4.462E+01 6.218E+01 2.448E+01 1.313E+02 1.347E+02 1.370E+06 22.6240 1.00000 1.527E+00
  5.000E+07 5.000E+07 3.434E+00 4.967E+01 6.916E+01 2.743E+01 1.463E+02 1.497E+02 1.405E+06 22.8347 1.00000 1.527E+00
  5.500E+07 5.500E+07 3.447E+00 5.468E+01 7.611E+01 3.043E+01 1.612E+02 1.647E+02 1.437E+06 23.0254 1.00000 1.527E+00
  6.000E+07 6.000E+07 3.459E+00 5.971E+01 8.307E+01 3.346E+01 1.762E+02 1.797E+02 1.466E+06 23.1994 1.00000 1.527E+00
  7.000E+07 7.000E+07 3.479E+00 6.976E+01 9.699E+01 3.958E+01 2.063E+02 2.098E+02 1.517E+06 23.5077 1.00000 1.527E+00
  8.000E+07 8.000E+07 3.498E+00 7.983E+01 1.109E+02 4.577E+01 2.365E+02 2.400E+02 1.562E+06 23.7748 1.00000 1.527E+00
  9.000E+07 9.000E+07 3.514E+00 8.990E+01 1.249E+02 5.202E+01 2.668E+02 2.703E+02 1.601E+06 24.0103 1.00000 1.527E+00
  1.000E+08 1.000E+08 3.528E+00 9.999E+01 1.388E+02 5.832E+01 2.971E+02 3.007E+02 1.636E+06 24.2210 1.00000 1.527E+00
  1.200E+08 1.200E+08 3.553E+00 1.200E+02 1.666E+02 6.999E+01 3.566E+02 3.601E+02 1.697E+06 24.5857 1.00000 1.527E+00
  1.400E+08 1.400E+08 3.575E+00 1.400E+02 1.944E+02 8.165E+01 4.160E+02 4.196E+02 1.748E+06 24.8940 1.00000 1.527E+00
  1.700E+08 1.700E+08 3.602E+00 1.700E+02 2.360E+02 9.915E+01 5.051E+02 5.087E+02 1.813E+06 25.2823 1.00000 1.527E+00
  2.000E+08 2.000E+08 3.625E+00 2.000E+02 2.776E+02 1.166E+02 5.943E+02 5.979E+02 1.868E+06 25.6073 1.00000 1.527E+00
  2.500E+08 2.500E+08 3.657E+00 2.500E+02 3.471E+02 1.458E+02 7.429E+02 7.465E+02 1.942E+06 26.0536 1.00000 1.527E+00
  3.000E+08 3.000E+08 3.683E+00 3.000E+02 4.165E+02 1.750E+02 8.914E+02 8.951E+02 2.003E+06 26.4183 1.00000 1.527E+00
  3.500E+08 3.500E+08 3.705E+00 3.500E+02 4.859E+02 2.041E+02 1.040E+03 1.044E+03 2.055E+06 26.7266 1.00000 1.527E+00
  4.000E+08 4.000E+08 3.725E+00 4.000E+02 5.553E+02 2.333E+02 1.189E+03 1.192E+03 2.100E+06 26.9936 1.00000 1.527E+00
  4.500E+08 4.500E+08 3.742E+00 4.500E+02 6.247E+02 2.625E+02 1.337E+03 1.341E+03 2.139E+06 27.2292 1.00000 1.527E+00
  5.000E+08 5.000E+08 3.758E+00 5.000E+02 6.941E+02 2.916E+02 1.486E+03 1.489E+03 2.175E+06 27.4399 1.00000 1.527E+00
  5.500E+08 5.500E+08 3.772E+00 5.500E+02 7.635E+02 3.208E+02 1.634E+03 1.638E+03 2.207E+06 27.6305 1.00000 1.527E+00
  6.000E+08 6.000E+08 3.785E+00 6.000E+02 8.329E+02 3.499E+02 1.783E+03 1.787E+03 2.236E+06 27.8046 1.00000 1.527E+00
  7.000E+08 7.000E+08 3.808E+00 7.000E+02 9.717E+02 4.083E+02 2.080E+03 2.084E+03 2.288E+06 28.1129 1.00000 1.527E+00
  8.000E+08 8.000E+08 3.829E+00 8.000E+02 1.111E+03 4.666E+02 2.377E+03 2.381E+03 2.332E+06 28.3799 1.00000 1.527E+00
  9.000E+08 9.000E+08 3.846E+00 8.999E+02 1.249E+03 5.249E+02 2.674E+03 2.678E+03 2.372E+06 28.6155 1.00000 1.527E+00
  1.000E+09 1.000E+09 3.863E+00 9.999E+02 1.388E+03 5.832E+02 2.971E+03 2.975E+03 2.407E+06 28.8262 1.00000 1.527E+00
