0.000000000000000000e+00 1.007509930874393089e+06 1.610738255033556499e+01
1.000000000000000000e+00 9.974187154543128563e+05 1.503964508977946046e+01
2.000000000000000000e+00 9.313274913022324909e+05 1.690522574841821424e+01
3.000000000000000000e+00 9.524165713278495241e+05 1.744966442953019836e+01
4.000000000000000000e+00 9.745833080498343334e+05 1.310688810342042743e+01
5.000000000000000000e+00 1.001795345648371847e+06 1.744966442953019836e+01
6.000000000000000000e+00 9.895504229600530816e+05 1.744966442953019836e+01
7.000000000000000000e+00 9.989739788410982583e+05 1.894467783500493852e+01
8.000000000000000000e+00 1.060721643692428712e+06 1.409395973154362380e+01
9.000000000000000000e+00 9.992791392452261643e+05 1.914617666362499193e+01
1.000000000000000000e+01 9.843374252719930373e+05 1.812080536912750972e+01
1.100000000000000000e+01 9.859812707151172217e+05 1.831788711316036355e+01
1.200000000000000000e+01 9.841649468574532075e+05 1.812704500928665041e+01
1.300000000000000000e+01 9.617306251372150145e+05 1.744966442953019481e+01
1.400000000000000000e+01 1.000424955379578751e+06 1.707412822849173040e+01
1.500000000000000000e+01 1.033335419699923834e+06 1.393179451680977898e+01
1.600000000000000000e+01 9.918628381190070650e+05 1.946308724832213599e+01
1.700000000000000000e+01 9.662141807425419101e+05 1.481376405736068946e+01
1.800000000000000000e+01 1.009532206283042789e+06 1.510972562538540309e+01
1.900000000000000000e+01 9.737158684907492716e+05 1.764337059744316960e+01
2.000000000000000000e+01 9.490818171363659203e+05 2.098264085528457912e+01
2.100000000000000000e+01 9.868206176294441102e+05 1.595658018656893873e+01
2.200000000000000000e+01 9.861919423441693652e+05 1.843813214596610095e+01
2.300000000000000000e+01 9.813733978941104142e+05 1.677852348993287634e+01
