0.000000000000000000e+00 8.131910390210049227e+05 1.970515091215655090e+01
1.000000000000000000e+00 8.343346647914273199e+05 1.607885667316668687e+01
2.000000000000000000e+00 9.045491635569913778e+05 1.299268152844556923e+01
3.000000000000000000e+00 8.612688513247029623e+05 1.701338209205406926e+01
4.000000000000000000e+00 8.956827522898296593e+05 1.308713334546504470e+01
5.000000000000000000e+00 8.653839223949657753e+05 1.677852348993288700e+01
6.000000000000000000e+00 9.315744817799709272e+05 1.358323782868471064e+01
7.000000000000000000e+00 8.921885917324110633e+05 1.585348653232663629e+01
8.000000000000000000e+00 9.257002579018530669e+05 1.533655220575689881e+01
9.000000000000000000e+00 8.855100240543649998e+05 1.028525033502949881e+01
1.000000000000000000e+01 9.152324790129596367e+05 1.186740240408533076e+01
1.100000000000000000e+01 8.857617746596467914e+05 1.361781809520364028e+01
1.200000000000000000e+01 8.918429044722528197e+05 1.610738255033556499e+01
1.300000000000000000e+01 8.544764865384841105e+05 1.579599989329375731e+01
1.400000000000000000e+01 8.132273432074883021e+05 1.980613449693360906e+01
1.500000000000000000e+01 8.539844378844830208e+05 1.675323254514467664e+01
1.600000000000000000e+01 9.012020516524887644e+05 1.610738255033556499e+01
1.700000000000000000e+01 8.983102134135549422e+05 1.614447401549509564e+01
1.800000000000000000e+01 8.663062213261604775e+05 1.610738255033556499e+01
1.900000000000000000e+01 8.394776443653084571e+05 1.923344591690856831e+01
2.000000000000000000e+01 8.589355741140242899e+05 1.669399511545148940e+01
2.100000000000000000e+01 8.237601283879717812e+05 1.956480645141069274e+01
2.200000000000000000e+01 8.322444016671543941e+05 1.595087942744535781e+01
2.300000000000000000e+01 8.723113604994886555e+05 1.812080536912751327e+01
