0.000000000000000000e+00 9.939048977222519461e+05 1.923644073966314494e+01
1.000000000000000000e+00 1.019167525104415254e+06 1.717666057111206612e+01
2.000000000000000000e+00 1.022364419601203175e+06 1.321385131163311044e+01
3.000000000000000000e+00 1.019676068695439841e+06 1.430376686876403980e+01
4.000000000000000000e+00 9.988500335880664643e+05 1.194372694086202635e+01
5.000000000000000000e+00 9.640542410696956795e+05 2.080536912751677647e+01
6.000000000000000000e+00 1.003738090437082108e+06 1.186042989584721141e+01
7.000000000000000000e+00 1.053833614191856701e+06 1.812080536912751327e+01
8.000000000000000000e+00 1.049639296610357938e+06 1.770620599390876038e+01
9.000000000000000000e+00 1.115020457686523441e+06 1.275167785234898865e+01
1.000000000000000000e+01 1.055442749405062990e+06 1.731557249262457177e+01
1.100000000000000000e+01 9.855824357727515744e+05 1.882607604474943841e+01
1.200000000000000000e+01 9.781345836763937259e+05 1.245350642139378650e+01
1.300000000000000000e+01 9.997361984471592586e+05 1.696291067871160863e+01
1.400000000000000000e+01 9.577403016533174086e+05 1.643356253679749557e+01
1.500000000000000000e+01 1.076523538737656083e+06 1.385267252374159952e+01
1.600000000000000000e+01 1.022615578619190608e+06 2.127719553874431924e+01
1.700000000000000000e+01 1.070249341084735235e+06 1.561797469302634944e+01
1.800000000000000000e+01 1.020167346584442537e+06 1.480097575099506102e+01
1.900000000000000000e+01 1.053439319369613891e+06 1.543337170690208815e+01
2.000000000000000000e+01 9.995106073259511031e+05 1.567274496028381847e+01
2.100000000000000000e+01 1.019222794925824506e+06 2.214765100671140630e+01
2.200000000000000000e+01 1.007003657866925932e+06 1.995931695654319782e+01
2.300000000000000000e+01 1.071050227789754979e+06 1.612084401174158543e+01
